1 1
1 1
1 1
1 1
1 1
1 1
5 5
5 5
5 5
5 5
5 5
5 5
5 5
5 5
5 5
5 5
5 5
5 5
37 2 
37 2 
37 2 
37 2 
37 2 
37 2 
5 5
5 5
5 5
5 5
5 5
5 5
1 1
1 1
1 2
1 2
1 1
1 2
5 5
5 5
5 5
1 1 
1 1 
1 1 
5 5
5 5
5 5
5 5
5 5
5 5
5 5
5 5
5 5
5 5
5 5
5 5
37 2 
37 2 
37 2 
37 2 
37 2 
37 2 
5 5
5 5
5 5
1 1 
1 1 
1 1 
5 5
5 5
5 5
5 5
5 5
5 5
5 5
5 5
5 5
37 2 
37 2 
37 2 
37 2 
37 2 
37 2 
1 1
3 2
1 1 
6 6
9 9
5 5
5 5
5 5
5 5
5 5
5 5
11 11 
11 11 
11 11 
11 11 
11 11 
22 1
22 1
22 1
4 4
4 4
1 1
37 2 
37 2 
3 2
37 2 
37 2 
37 2 
37 2 
7 32 
6 6
10 10
1 1
11 11 
11 11 
11 11 
12 12 
5 5
5 5
5 5
28 23 
5 5
5 5
5 5
5 5
5 5
1 1
13 13 
13 13 
13 13 
5 5
37 2 
37 2 
37 2 
37 2 
37 2 
37 2 
14 14 
5 5
5 5
5 5
5 5
5 5
26 26 
26 26 
26 26 
26 26 

left: normal - right: tree
id     ref  new
 (201, "22", "1")
 (202, "22", "1")
 (203, "22", "1")
 (214, "7", "32")